orgname	name
energyapps	doe-budget
energyapps	bestpractices
energyapps	templates
energyapps	solar
energyapps	EM_timeline
energyapps	labs
energyapps	sankey-old
energyapps	lpo
energyapps	budget_workflow
energyapps	app_frame
energyapps	turbine
energyapps	consumption-d3
energyapps	consumption
energyapps	app-frame-foundation
energyapps	geothermal
energyapps	production
energyapps	PPPO_timeline
energyapps	prod_over_years
energyapps	climate-dash
energyapps	quiz-template
energyapps	power-plants-quiz
energyapps	power-plants-map
energyapps	wind-vision
energyapps	history-of-nuclear
energyapps	grid-quiz
energyapps	facilities
energyapps	quizzer
energyapps	sankey
energyapps	test-app-frame
energyapps	test-frame
energyapps	climate-frame
energyapps	systemdown
energyapps	egallon
energyapps	pym
energyapps	utilities_data_processor
energyapps	co2
energyapps	energyintensity
energyapps	sotu-carbon
energyapps	sunshot-vision
energyapps	generator-energyapps
energyapps	bbc-map
energyapps	EM-before-after
energyapps	burrito-calculator
