orgname	name	star_count	forks	issues	contributors	size
FNSKtZH	apflora	1	2	12	2	86430
FNSKtZH	artendb_import	1	0	0	1	23344
FNSKtZH	artendb	2	0	0	2	33548
