orgname	name
nidcd	lsnm
nidcd	lsnm_in_python
nidcd	lsnm_auditory_sequences
nidcd	lsnm_decision_making
